yyyy/mmdd(or -ddd)/hh.h):2022/-329/18.5UT  geog Lat/Long/Alt= 78.2/  15.6/ 300.0

NeQuick is used for topside Ne profile
URSI maps are used for the F2 peak density (NmF2)
foF2 STORM model is turned on 
Shubin2015model is used for F2 peak height (hmF2)
ABT-2009 option is used for the bottomside thickness parameter B0
Scotto-97 no L   option is used for the F1 occurrence probability
foE auroral storm model is turned off
IRI-1990   option is used for D-region
TBT-2012 with solar dependence is used for the electron temperature
RBV10+TBT15 option is used for ion composition
CGM coordinates not computed
auroral boundaries not computed

Peak Densities/cm-3: NmF2= 178471.6   NmF1=      0.0   NmE=   3029.3
Peak Heights/km:     hmF2=   279.14   hmF1=     0.00   hmE=   110.00

Solar Zenith Angle/degree                             115.8
Dip (Magnetic Inclination)/degree                      82.55
Modip (Modified Dip)/degree                            72.59
Solar Sunspot Number (12-months running mean) Rz12     73.3           
Ionospheric-Effective Solar Index IG12                 84.3           
Solar radio flux F10.7 (daily)                        105.7           
Solar radio flux F10.7 (81-day average)               130.3           

TEC [1.E16 m-2] is obtained by numerical integration in 1km steps
  from 50 to 2000.0 km. t is the percentage of TEC above the F peak.

-
   H   ELECTRON DENSITY   TEMPERATURES      ION PERCENTAGES[%]*10    1E16m-2
   km  Ne/cm-3 Ne/NmF2 Tn/K  Ti/K  Te/K  O+  N+  H+ He+ O2+ NO+ Clust TEC t/%
 100.0    2847  0.016   183   183   183   0   0   0   0  37 963  -1   4.9  78
 110.0    3029  0.017   251   251   251   0   0   0   0  49 951  -1   4.9  78
 120.0    1619  0.009   370   370   370   0   0   0   0  30 970  -1   4.9  78
 130.0     732  0.004   510   510   510   0   0   0   0  15 985  -1   4.9  78
 140.0     601  0.003   623   623   623   0   0   0   0  15 985  -1   4.9  78
 150.0     864  0.005   712   712   728   1   0   0   0  25 973  -1   4.9  78
 160.0    1481  0.008   781   781   802   4   0   0   0  39 957  -1   4.9  78
 170.0   23759  0.133   834   834   851  83   0   0   0 303 612  -1   4.9  78
 180.0   31435  0.176   876   876   894 163   0   0   0 312 523  -1   4.9  78
 190.0   41034  0.230   908   908   936 283   0   0   0 294 419  -1   4.9  78
 200.0   52774  0.296   934   934   978 435   1   0   0 248 313  -1   4.9  78
 210.0   66765  0.374   953   958  1020 592   1   0   0 187 217  -1   4.9  78
 220.0   82938  0.465   969   983  1061 726   1   0   0 128 142  -1   4.9  78
 230.0  100963  0.566   981  1007  1103 823   1   0   0  82  91  -1   4.9  78
 240.0  120166  0.673   990  1032  1145 885   1   0   0  52  60  -1   4.9  78
 250.0  139460  0.781   998  1056  1187 925   1   0   0  32  40  -1   4.9  78
 260.0  157298  0.881  1004  1081  1229 950   1   0   0  20  27  -1   4.9  78
 270.0  171573  0.961  1008  1105  1270 966   1   0   0  13  19  -1   4.9  78
 280.0  178464  1.000  1012  1130  1312 975   1   0   0   9  14  -1   4.9  78
 290.0  177251  0.993  1014  1155  1354 981   1   0   0   6  11  -1   4.9  78
 300.0  174187  0.976  1017  1179  1396 975  23   1   1   0   0  -1   4.9  78
 310.0  169595  0.950  1018  1204  1438 973  24   1   1   0   0  -1   4.9  78
 320.0  163807  0.918  1020  1228  1479 972  25   1   1   0   0  -1   4.9  78
 330.0  157138  0.880  1021  1253  1521 971  26   2   2   0   0  -1   4.9  78
 340.0  149875  0.840  1022  1277  1561 969  27   2   2   0   0  -1   4.9  78
 350.0  142264  0.797  1022  1302  1591 968  28   2   2   0   0  -1   4.9  78
 360.0  134509  0.754  1023  1326  1604 966  29   2   2   0   0  -1   4.9  78
 370.0  126773  0.710  1023  1351  1607 964  30   3   3   0   0  -1   4.9  78
 380.0  119181  0.668  1024  1375  1609 962  31   3   3   0   0  -1   4.9  78
 390.0  111828  0.627  1024  1400  1610 960  32   4   3   0   0  -1   4.9  78
 400.0  104777  0.587  1024  1424  1612 958  34   4   4   0   0  -1   4.9  78
 410.0   98071  0.550  1024  1446  1613 956  35   5   4   0   0  -1   4.9  78
 420.0   91734  0.514  1024  1467  1614 953  36   6   5   0   0  -1   4.9  78
 430.0   85776  0.481  1024  1484  1616 950  38   6   6   0   0  -1   4.9  78
 440.0   80199  0.449  1024  1495  1617 947  39   7   6   0   0  -1   4.9  78
 450.0   74993  0.420  1025  1503  1618 944  40   8   7   0   0  -1   4.9  78
 460.0   70148  0.393  1025  1508  1620 941  42  10   8   0   0  -1   4.9  78
 470.0   65645  0.368  1025  1512  1621 937  43  11   9   0   0  -1   4.9  78
 480.0   61468  0.344  1025  1516  1623 933  45  12  10   0   0  -1   4.9  78
 490.0   57595  0.323  1025  1520  1624 928  46  14  12   0   0  -1   4.9  78
 500.0   54008  0.303  1025  1523  1625 923  48  16  13   0   0  -1   4.9  78
 510.0   50686  0.284  1025  1527  1627 918  50  18  14   0   0  -1   4.9  78
 520.0   47611  0.267  1025  1530  1630 912  52  21  16   0   0  -1   4.9  78
 530.0   44763  0.251  1025  1534  1633 906  54  23  18   0   0  -1   4.9  78
 540.0   42126  0.236  1025  1538  1641 899  56  26  19   0   0  -1   4.9  78
 550.0   39683  0.222  1025  1541  1654 892  58  29  21   0   0  -1   4.9  78
 560.0   37418  0.210  1025  1545  1676 885  61  32  22   0   0  -1   4.9  78
 570.0   35317  0.198  1025  1548  1703 878  64  34  23   0   0  -1   4.9  78
 580.0   33367  0.187  1025  1552  1735 871  67  37  24   0   0  -1   4.9  78
 590.0   31557  0.177  1025  1555  1767 864  71  40  25   0   0  -1   4.9  78
 600.0   29874  0.167  1025  1559  1801 856  74  43  26   0   0  -1   4.9  78
 610.0   28308  0.159  1025  1563  1834 848  78  47  27   0   0  -1   4.9  78
 620.0   26851  0.150  1025  1566  1868 840  83  50  28   0   0  -1   4.9  78
 630.0   25493  0.143  1025  1570  1901 831  87  53  29   0   0  -1   4.9  78
 640.0   24226  0.136  1025  1573  1935 822  92  57  29   0   0  -1   4.9  78
 650.0   23044  0.129  1025  1577  1969 813  96  61  30   0   0  -1   4.9  78
 660.0   21940  0.123  1025  1581  2002 803 101  65  31   0   0  -1   4.9  78
 670.0   20907  0.117  1025  1584  2036 793 106  69  31   0   0  -1   4.9  78
 680.0   19940  0.112  1025  1588  2070 783 111  73  32   0   0  -1   4.9  78
 690.0   19035  0.107  1025  1591  2104 773 117  78  33   0   0  -1   4.9  78
 700.0   18186  0.102  1025  1595  2137 762 121  83  34   0   0  -1   4.9  78
 710.0   17389  0.097  1025  1598  2171 752 126  88  34   0   0  -1   4.9  78
 720.0   16640  0.093  1025  1602  2204 742 130  93  35   0   0  -1   4.9  78
 730.0   15936  0.089  1025  1606  2238 733 132  99  36   0   0  -1   4.9  78
 740.0   15274  0.086  1025  1609  2272 725 134 104  37   0   0  -1   4.9  78
 750.0   14651  0.082  1025  1613  2305 718 134 110  38   0   0  -1   4.9  78
 760.0   14063  0.079  1025  1616  2339 711 133 116  39   0   0  -1   4.9  78
 770.0   13508  0.076  1025  1620  2372 706 131 122  41   0   0  -1   4.9  78
 780.0   12985  0.073  1025  1623  2405 701 128 129  42   0   0  -1   4.9  78
 790.0   12490  0.070  1025  1627  2437 696 125 136  44   0   0  -1   4.9  78
 800.0   12023  0.067  1025  1631  2468 691 121 143  45   0   0  -1   4.9  78
 810.0   11580  0.065  1025  1634  2499 686 117 150  47   0   0  -1   4.9  78
 820.0   11161  0.063  1025  1638  2527 681 113 157  48   0   0  -1   4.9  78
 830.0   10763  0.060  1025  1641  2553 676 109 165  50   0   0  -1   4.9  78
 840.0   10387  0.058  1025  1645  2576 670 105 173  52   0   0  -1   4.9  78
 850.0   10029  0.056  1025  1648  2594 664 101 181  53   0   0  -1   4.9  78
 860.0    9689  0.054  1025  1652  2608 658  97 189  55   0   0  -1   4.9  78
 870.0    9366  0.052  1025  1656  2618 652  94 197  57   0   0  -1   4.9  78
 880.0    9059  0.051  1025  1659  2624 646  90 206  59   0   0  -1   4.9  78
 890.0    8767  0.049  1025  1663  2628 640  87 214  60   0   0  -1   4.9  78
 900.0    8488  0.048  1025  1666  2630 634  83 221  62   0   0  -1   4.9  78
 910.0    8223  0.046  1025  1670  2631 628  80 229  63   0   0  -1   4.9  78
 920.0    7970  0.045  1025  1673  2631 623  77 236  65   0   0  -1   4.9  78
 930.0    7728  0.043  1025  1677  2631 618  74 243  66   0   0  -1   4.9  78
 940.0    7498  0.042  1025  1681  2630 613  71 249  67   0   0  -1   4.9  78
 950.0    7277  0.041  1025  1684  2629 608  68 256  68   0   0  -1   4.9  78
 960.0    7067  0.040  1025  1688  2628 603  65 262  70   0   0  -1   4.9  78
 970.0    6865  0.038  1025  1691  2627 598  63 268  71   0   0  -1   4.9  78
 980.0    6673  0.037  1025  1695  2625 593  61 275  72   0   0  -1   4.9  78
 990.0    6488  0.036  1025  1699  2624 588  58 281  73   0   0  -1   4.9  78
1000.0    6311  0.035  1025  1702  2623 582  56 288  74   0   0  -1   4.9  78
1010.0    6142  0.034  1025  1706  2621 576  54 294  75   0   0  -1   4.9  78
1020.0    5979  0.034  1025  1709  2620 571  52 301  76   0   0  -1   4.9  78
1030.0    5823  0.033  1025  1713  2619 565  50 308  77   0   0  -1   4.9  78
1040.0    5673  0.032  1025  1716  2618 559  48 314  78   0   0  -1   4.9  78
1050.0    5529  0.031  1025  1720  2616 553  46 321  79   0   0  -1   4.9  78
1060.0    5391  0.030  1025  1724  2615 547  45 328  80   0   0  -1   4.9  78
1070.0    5258  0.029  1025  1727  2614 541  43 335  81   0   0  -1   4.9  78
1080.0    5130  0.029  1025  1731  2612 535  41 342  82   0   0  -1   4.9  78
1090.0    5007  0.028  1025  1734  2611 528  40 349  83   0   0  -1   4.9  78
1100.0    4889  0.027  1025  1738  2610 522  38 356  84   0   0  -1   4.9  78
1110.0    4775  0.027  1025  1741  2608 516  36 363  85   0   0  -1   4.9  78
1120.0    4665  0.026  1025  1745  2607 509  35 370  86   0   0  -1   4.9  78
1130.0    4559  0.026  1025  1749  2606 502  34 377  87   0   0  -1   4.9  78
1140.0    4457  0.025  1025  1752  2604 496  32 384  88   0   0  -1   4.9  78
1150.0    4358  0.024  1025  1756  2603 489  31 391  89   0   0  -1   4.9  78
1160.0    4263  0.024  1025  1759  2602 482  30 398  90   0   0  -1   4.9  78
1170.0    4171  0.023  1025  1763  2601 475  28 405  91   0   0  -1   4.9  78
1180.0    4082  0.023  1025  1766  2599 469  27 413  92   0   0  -1   4.9  78
1190.0    3997  0.022  1025  1770  2598 462  26 420  93   0   0  -1   4.9  78
1200.0    3914  0.022  1025  1774  2597 455  25 427  93   0   0  -1   4.9  78
1210.0    3834  0.021  1025  1777  2595 448  24 434  94   0   0  -1   4.9  78
1220.0    3756  0.021  1025  1781  2594 441  23 441  95   0   0  -1   4.9  78
1230.0    3681  0.021  1025  1784  2593 434  22 448  96   0   0  -1   4.9  78
1240.0    3608  0.020  1025  1788  2591 427  21 456  96   0   0  -1   4.9  78
1250.0    3538  0.020  1025  1792  2590 420  20 463  97   0   0  -1   4.9  78
1260.0    3470  0.019  1025  1795  2589 413  19 470  98   0   0  -1   4.9  78
1270.0    3404  0.019  1025  1799  2588 406  18 477  99   0   0  -1   4.9  78
1280.0    3340  0.019  1025  1802  2586 399  18 484  99   0   0  -1   4.9  78
1290.0    3278  0.018  1025  1806  2585 392  17 491 100   0   0  -1   4.9  78
1300.0    3218  0.018  1025  1809  2584 385  16 498 101   0   0  -1   4.9  78
1310.0    3159  0.018  1025  1813  2583 378  15 505 101   0   0  -1   4.9  78
1320.0    3103  0.017  1025  1817  2582 372  15 512 102   0   0  -1   4.9  78
1330.0    3048  0.017  1025  1820  2581 365  14 519 102   0   0  -1   4.9  78
1340.0    2994  0.017  1025  1824  2580 358  13 526 103   0   0  -1   4.9  78
1350.0    2942  0.016  1025  1827  2580 351  13 533 103   0   0  -1   4.9  78
1360.0    2892  0.016  1025  1831  2581 344  12 540 104   0   0  -1   4.9  78
1370.0    2843  0.016  1025  1834  2582 338  11 547 104   0   0  -1   4.9  78
1380.0    2795  0.016  1025  1838  2585 331  11 553 105   0   0  -1   4.9  78
1390.0    2749  0.015  1025  1842  2590 325  10 560 105   0   0  -1   4.9  78
1400.0    2704  0.015  1025  1845  2597 318  10 567 105   0   0  -1   4.9  78
1410.0    2660  0.015  1025  1849  2607 312   9 573 106   0   0  -1   4.9  78
1420.0    2617  0.015  1025  1852  2618 305   9 580 106   0   0  -1   4.9  78
1430.0    2576  0.014  1025  1856  2632 299   9 586 107   0   0  -1   4.9  78
1440.0    2535  0.014  1025  1859  2647 292   8 593 107   0   0  -1   4.9  78
1450.0    2496  0.014  1025  1863  2663 286   8 599 107   0   0  -1   4.9  78
1460.0    2458  0.014  1025  1867  2680 280   7 605 107   0   0  -1   4.9  78
1470.0    2420  0.014  1025  1870  2697 274   7 612 108   0   0  -1   4.9  78
1480.0    2384  0.013  1025  1874  2715 268   7 618 108   0   0  -1   4.9  78
1490.0    2348  0.013  1025  1877  2732 261   6 624 108   0   0  -1   4.9  78
1500.0    2314  0.013  1025  1881  2750 255   6 631 108   0   0  -1   4.9  78
1510.0    2280  0.013  1025  1884  2768 249   6 637 108   0   0  -1   4.9  78
1520.0    2247  0.013  1025  1888  2786 243   5 644 108   0   0  -1   4.9  78
1530.0    2215  0.012  1025  1892  2804 237   5 650 108   0   0  -1   4.9  78
1540.0    2183  0.012  1025  1895  2822 230   5 656 108   0   0  -1   4.9  78
1550.0    2153  0.012  1025  1899  2840 224   5 663 108   0   0  -1   4.9  78
1560.0    2123  0.012  1025  1902  2858 218   4 669 108   0   0  -1   4.9  78
1570.0    2094  0.012  1025  1906  2876 212   4 675 108   0   0  -1   4.9  78
1580.0    2065  0.012  1025  1910  2894 207   4 681 108   0   0  -1   4.9  78
1590.0    2037  0.011  1025  1913  2912 201   4 687 108   0   0  -1   4.9  78
1600.0    2010  0.011  1025  1917  2930 195   3 693 108   0   0  -1   4.9  78
1610.0    1984  0.011  1025  1920  2948 190   3 699 108   0   0  -1   4.9  78
1620.0    1958  0.011  1025  1924  2965 184   3 705 108   0   0  -1   4.9  78
1630.0    1932  0.011  1025  1927  2983 179   3 711 107   0   0  -1   4.9  78
1640.0    1907  0.011  1025  1931  3001 174   3 716 107   0   0  -1   4.9  78
1650.0    1883  0.011  1025  1935  3019 169   3 722 107   0   0  -1   4.9  78
1660.0    1859  0.010  1025  1938  3037 164   2 727 107   0   0  -1   4.9  78
1670.0    1836  0.010  1025  1942  3055 159   2 732 106   0   0  -1   4.9  78
1680.0    1813  0.010  1025  1945  3073 154   2 737 106   0   0  -1   4.9  78
1690.0    1791  0.010  1025  1949  3091 150   2 742 106   0   0  -1   4.9  78
1700.0    1769  0.010  1025  1952  3109 145   2 747 106   0   0  -1   4.9  78
1710.0    1748  0.010  1025  1956  3127 141   2 752 105   0   0  -1   4.9  78
1720.0    1727  0.010  1025  1960  3145 137   2 757 105   0   0  -1   4.9  78
1730.0    1706  0.010  1025  1963  3163 133   2 761 104   0   0  -1   4.9  78
1740.0    1686  0.009  1025  1967  3181 128   2 766 104   0   0  -1   4.9  78
1750.0    1667  0.009  1025  1970  3199 125   1 770 104   0   0  -1   4.9  78
1760.0    1648  0.009  1025  1974  3217 121   1 775 103   0   0  -1   4.9  78
1770.0    1629  0.009  1025  1977  3235 117   1 779 103   0   0  -1   4.9  78
1780.0    1610  0.009  1025  1981  3253 113   1 783 102   0   0  -1   4.9  78
1790.0    1592  0.009  1025  1985  3271 110   1 787 102   0   0  -1   4.9  78
1800.0    1574  0.009  1025  1988  3289 106   1 791 101   0   0  -1   4.9  78
1810.0    1557  0.009  1025  1992  3307 103   1 795 101   0   0  -1   4.9  78
1820.0    1540  0.009  1025  1995  3325 100   1 799 100   0   0  -1   4.9  78
1830.0    1523  0.009  1025  1999  3343  97   1 803 100   0   0  -1   4.9  78
1840.0    1507  0.008  1025  2003  3360  93   1 806  99   0   0  -1   4.9  78
1850.0    1490  0.008  1025  2006  3378  90   1 810  99   0   0  -1   4.9  78
1860.0    1475  0.008  1025  2010  3396  88   1 813  98   0   0  -1   4.9  78
1870.0    1459  0.008  1025  2013  3414  85   1 817  98   0   0  -1   4.9  78
1880.0    1444  0.008  1025  2017  3432  82   1 820  97   0   0  -1   4.9  78
1890.0    1429  0.008  1025  2020  3450  79   1 823  97   0   0  -1   4.9  78
1900.0    1414  0.008  1025  2024  3468  77   1 827  96   0   0  -1   4.9  78
1910.0    1400  0.008  1025  2028  3486  74   1 830  95   0   0  -1   4.9  78
1920.0    1386  0.008  1025  2031  3504  72   1 833  95   0   0  -1   4.9  78
1930.0    1372  0.008  1025  2035  3522  69   0 836  94   0   0  -1   4.9  78
1940.0    1358  0.008  1025  2038  3540  67   0 839  94   0   0  -1   4.9  78
1950.0    1345  0.008  1025  2042  3558  65   0 842  93   0   0  -1   4.9  78
1960.0    1331  0.007  1025  2045  3576  63   0 844  92   0   0  -1   4.9  78
1970.0    1318  0.007  1025  2049  3594  61   0 847  92   0   0  -1   4.9  78
1980.0    1306  0.007  1025  2053  3612  59   0 850  91   0   0  -1   4.9  78
1990.0    1293  0.007  1025  2056  3630  57   0 852  91   0   0  -1   4.9  78
2000.0    1281  0.007  1025  2060  3648  55   0 855  90   0   0  -1   4.9  78
